0,291
2852,86
2854,36
2852,85
0,423
2852,84
2068,35
2068,13
0,417
2852,83
2854,35
2854,27
2845,8
2845,7
2852,82
0,396
2046,8
2046,7
1995,8
1995,7
3751,248
3751,247
2068,34
2068,33
3751,246
3751,245
3751,244
3751,243
2068,20
2854,34
3751,242
2836,7
2836,6
3751,241
3751,240
3751,239
3751,238
3751,237
3751,236
3751,235
3751,234
3751,233
3751,232
3751,231
3751,230
3751,229
3751,228
3751,227
3751,226
3751,225
3751,224
3751,223
3751,222
3751,221
3751,220
2852,81
3751,219
3751,218
3751,217
3751,216
3751,215
3751,214
3751,213
3751,212
3751,211
3751,210
3751,209
3751,208
3751,207
3751,206
3751,205
3751,204
3751,203
3751,202
3751,201
3751,200
3751,199
3751,198
3751,197
3751,196
3751,195
3751,194
3751,193
3751,192
3751,130
3751,129
3751,128
3751,64
3751,63
3751,62
3751,61
3751,60
3751,59
3751,58
3751,57
2923,10
2923,9
0,569
3751,56
3751,55
3751,54
3751,53
3751,52
3751,51
3751,50
3751,49
3751,48
3751,47
3751,46
3751,45
3751,44
3751,43
3751,42
3751,41
3751,40
3751,39
2372,19
2372,18
4363,3
4363,2
0,695
4363,1
4363,0
4362,3
4362,2
4362,1
4362,0
4361,3
4361,2
4361,1
4361,0
4360,3
4360,2
4360,1
4360,0
4359,3
4359,2
4359,1
4359,0
4358,3
4358,2
4358,1
4358,0
4352,7
4352,6
4352,5
4352,4
4357,3
4357,2
4357,1
4357,0
4356,3
4356,2
4356,1
4356,0
4355,3
4355,2
4355,1
4355,0
4354,3
4354,2
4354,1
4354,0
4353,3
4353,2
4353,1
4353,0
4352,3
4352,2
4352,1
4352,0
0,566
0,562
0,558
0,555
0,554
0,550
4351,3
4351,2
4351,1
4351,0
4350,3
4350,2
4350,1
4350,0
4349,3
4349,2
4349,1
4349,0
4348,3
4348,2
4348,1
4348,0
4347,3
4347,2
4347,1
4347,0
4346,3
4346,2
4346,1
4346,0
4340,7
4340,6
4340,5
4340,4
4345,3
4345,2
4345,1
4345,0
4344,3
4344,2
4344,1
4344,0
4343,3
4343,2
4343,1
4343,0
4342,3
4342,2
4342,1
4342,0
4341,3
4341,2
4341,1
4341,0
4340,3
4340,2
4340,1
4340,0
0,547
0,546
4339,3
4339,2
4339,1
4339,0
4338,3
4338,2
4338,1
4338,0
4337,3
4337,2
4337,1
4337,0
4336,3
4336,2
4336,1
4336,0
4335,3
4335,2
4335,1
4335,0
4334,3
4334,2
4334,1
4334,0
4328,7
4328,6
4328,5
4328,4
4333,3
4333,2
4333,1
4333,0
4332,3
4332,2
4332,1
4332,0
4331,3
4331,2
4331,1
4331,0
4330,3
4330,2
4330,1
4330,0
4329,3
4329,2
4329,1
4329,0
4328,3
4328,2
4328,1
4328,0
0,539
4327,3
4327,2
4327,1
4327,0
4326,3
4326,2
4326,1
4326,0
4325,3
4325,2
4325,1
4325,0
4324,3
4324,2
4324,1
4324,0
4323,3
4323,2
4323,1
4323,0
4322,3
4322,2
4322,1
4322,0
4316,7
4316,6
4316,5
4316,4
4321,3
4321,2
4321,1
4321,0
4320,3
4320,2
4320,1
4320,0
4319,3
4319,2
4319,1
4319,0
4318,3
4318,2
4318,1
4318,0
4317,3
4317,2
4317,1
4317,0
4316,3
4316,2
4316,1
4316,0
0,534
4315,3
4315,2
4315,1
4315,0
4314,3
4314,2
4314,1
4314,0
4313,3
4313,2
4313,1
4313,0
4312,3
4312,2
4312,1
4312,0
4311,3
4311,2
4311,1
4311,0
4310,3
4310,2
4310,1
4310,0
4304,7
4304,6
4304,5
4304,4
4309,3
4309,2
4309,1
4309,0
4308,3
4308,2
4308,1
4308,0
4307,3
4307,2
4307,1
4307,0
4306,3
4306,2
4306,1
4306,0
4305,3
4305,2
4305,1
4305,0
4304,3
4304,2
4304,1
4304,0
0,533
0,531
4303,3
4303,2
4303,1
4303,0
4302,3
4302,2
4302,1
4302,0
4301,3
4301,2
4301,1
4301,0
4300,3
4300,2
4300,1
4300,0
4299,3
4299,2
4299,1
4299,0
4298,3
4298,2
4298,1
4298,0
4292,7
4292,6
4292,5
4292,4
4297,3
4297,2
4297,1
4297,0
4296,3
4296,2
4296,1
4296,0
4295,3
4295,2
4295,1
4295,0
4294,3
4294,2
4294,1
4294,0
4293,3
4293,2
4293,1
4293,0
4292,3
4292,2
4292,1
4292,0
0,542
4291,3
4291,2
4291,1
4291,0
4290,3
4290,2
4290,1
4290,0
4289,3
4289,2
4289,1
4289,0
4288,3
4288,2
4288,1
4288,0
4287,3
4287,2
4287,1
4287,0
4286,3
4286,2
4286,1
4286,0
4280,7
4280,6
4280,5
4280,4
4285,3
4285,2
4285,1
4285,0
4284,3
4284,2
4284,1
4284,0
4283,3
4283,2
4283,1
4283,0
4282,3
4282,2
4282,1
4282,0
4281,3
4281,2
4281,1
4281,0
4280,3
4280,2
4280,1
4280,0
4279,3
4279,2
4279,1
4279,0
4278,3
4278,2
4278,1
4278,0
4277,3
4277,2
4277,1
4277,0
4276,3
4276,2
4276,1
4276,0
4275,3
4275,2
4275,1
4275,0
4274,3
4274,2
4274,1
4274,0
4268,7
4268,6
4268,5
4268,4
4273,3
4273,2
4273,1
4273,0
4272,3
4272,2
4272,1
4272,0
4271,3
4271,2
4271,1
4271,0
4270,3
4270,2
4270,1
4270,0
4269,3
4269,2
4269,1
4269,0
4268,3
4268,2
4268,1
4268,0
4267,3
4267,2
4267,1
4267,0
4266,3
4266,2
4266,1
4266,0
4265,3
4265,2
4265,1
4265,0
4264,3
4264,2
4264,1
4264,0
4263,3
4263,2
4263,1
4263,0
4262,3
4262,2
4262,1
4262,0
4256,7
4256,6
4256,5
4256,4
4261,3
4261,2
4261,1
4261,0
4260,3
4260,2
4260,1
4260,0
4259,3
4259,2
4259,1
4259,0
4258,3
4258,2
4258,1
4258,0
4257,3
4257,2
4257,1
4257,0
4256,3
4256,2
4256,1
4256,0
4255,3
4255,2
4255,1
4255,0
4254,3
4254,2
4254,1
4254,0
4253,3
4253,2
4253,1
4253,0
4252,3
4252,2
4252,1
4252,0
4251,3
4251,2
4251,1
4251,0
4250,3
4250,2
4250,1
4250,0
4244,7
4244,6
4244,5
4244,4
4249,3
4249,2
4249,1
4249,0
4248,3
4248,2
4248,1
4248,0
4247,3
4247,2
4247,1
4247,0
4246,3
4246,2
4246,1
4246,0
4245,3
4245,2
4245,1
4245,0
4244,3
4244,2
4244,1
4244,0
0,638
4243,3
4243,2
4243,1
4243,0
4242,3
4242,2
4242,1
4242,0
4241,3
4241,2
4241,1
4241,0
4240,3
4240,2
4240,1
4240,0
4239,3
4239,2
4239,1
4239,0
4238,3
4238,2
4238,1
4238,0
4232,7
4232,6
4232,5
4232,4
4237,3
4237,2
4237,1
4237,0
4236,3
4236,2
4236,1
4236,0
4235,3
4235,2
4235,1
4235,0
4234,3
4234,2
4234,1
4234,0
4233,3
4233,2
4233,1
4233,0
4232,3
4232,2
4232,1
4232,0
4231,3
4231,2
4231,1
4231,0
4230,3
4230,2
4230,1
4230,0
4229,3
4229,2
4229,1
4229,0
4228,3
4228,2
4228,1
4228,0
4227,3
4227,2
4227,1
4227,0
4226,3
4226,2
4226,1
4226,0
4220,7
4220,6
4220,5
4220,4
4225,3
4225,2
4225,1
4225,0
4224,3
4224,2
4224,1
4224,0
4223,3
4223,2
4223,1
4223,0
4222,3
4222,2
4222,1
4222,0
4221,3
4221,2
4221,1
4221,0
4220,3
4220,2
4220,1
4220,0
0,637
0,632
4219,3
4219,2
4219,1
4219,0
4218,3
4218,2
4218,1
4218,0
4217,3
4217,2
4217,1
4217,0
4216,3
4216,2
4216,1
4216,0
4215,3
4215,2
4215,1
4215,0
4214,3
4214,2
4214,1
4214,0
4208,7
4208,6
4208,5
4208,4
4213,3
4213,2
4213,1
4213,0
4212,3
4212,2
4212,1
4212,0
4211,3
4211,2
4211,1
4211,0
4210,3
4210,2
4210,1
4210,0
4209,3
4209,2
4209,1
4209,0
4208,3
4208,2
4208,1
4208,0
0,631
4207,3
4207,2
4207,1
4207,0
4206,3
4206,2
4206,1
4206,0
4205,3
4205,2
4205,1
4205,0
4204,3
4204,2
4204,1
4204,0
4203,3
4203,2
4203,1
4203,0
4202,3
4202,2
4202,1
4202,0
4196,7
4196,6
4196,5
4196,4
4201,3
4201,2
4201,1
4201,0
4200,3
4200,2
4200,1
4200,0
4199,3
4199,2
4199,1
4199,0
4198,3
4198,2
4198,1
4198,0
4197,3
4197,2
4197,1
4197,0
4196,3
4196,2
4196,1
4196,0
0,627
4195,3
4195,2
4195,1
4195,0
4194,3
4194,2
4194,1
4194,0
4193,3
4193,2
4193,1
4193,0
4192,3
4192,2
4192,1
4192,0
4191,3
4191,2
4191,1
4191,0
4190,3
4190,2
4190,1
4190,0
4184,7
4184,6
4184,5
4184,4
4189,3
4189,2
4189,1
4189,0
4188,3
4188,2
4188,1
4188,0
4187,3
4187,2
4187,1
4187,0
4186,3
4186,2
4186,1
4186,0
4185,3
4185,2
4185,1
4185,0
4184,3
4184,2
0,621
4184,1
4184,0
4183,3
4183,2
4183,1
4183,0
4182,3
4182,2
4182,1
4182,0
4181,3
4181,2
4181,1
4181,0
4180,3
4180,2
4180,1
4180,0
4179,3
4179,2
4179,1
4179,0
4178,3
4178,2
4178,1
4178,0
4172,7
4172,6
4172,5
4172,4
4177,3
4177,2
4177,1
4177,0
4176,3
4176,2
4176,1
4176,0
4175,3
4175,2
4175,1
4175,0
4174,3
4174,2
4174,1
4174,0
4173,3
4173,2
4173,1
4173,0
4172,3
4172,2
4172,1
4172,0
0,620
4171,3
4171,2
4171,1
4171,0
4170,3
4170,2
4170,1
4170,0
4169,3
4169,2
4169,1
4169,0
4168,3
4168,2
4168,1
4168,0
4167,3
4167,2
4167,1
4167,0
4166,3
4166,2
4166,1
4166,0
4160,7
4160,6
4160,5
4160,4
4165,3
4165,2
4165,1
4165,0
4164,3
4164,2
4164,1
4164,0
4163,3
4163,2
4163,1
4163,0
4162,3
4162,2
4162,1
4162,0
4161,3
4161,2
4161,1
4161,0
4160,3
4160,2
4160,1
4160,0
0,619
0,618
0,617
4159,3
4159,2
4159,1
4159,0
4158,3
4158,2
4158,1
4158,0
4157,3
4157,2
4157,1
4157,0
4156,3
4156,2
4156,1
4156,0
4155,3
4155,2
4155,1
4155,0
4154,3
4154,2
4154,1
4154,0
4148,7
4148,6
4148,5
4148,4
4153,3
4153,2
4153,1
4153,0
4152,3
4152,2
4152,1
4152,0
4151,3
4151,2
4151,1
4151,0
4150,3
4150,2
4150,1
4150,0
4149,3
4149,2
4149,1
4149,0
4148,3
4148,2
4148,1
4148,0
0,616
4147,3
4147,2
4147,1
4147,0
4146,3
4146,2
4146,1
4146,0
4145,3
4145,2
4145,1
4145,0
4144,3
4144,2
4144,1
4144,0
4143,3
4143,2
4143,1
4143,0
4142,3
4142,2
4142,1
4142,0
4136,7
4136,6
4136,5
4136,4
4141,3
4141,2
4141,1
4141,0
4140,3
4140,2
4140,1
4140,0
4139,3
4139,2
4139,1
4139,0
4138,3
4138,2
4138,1
4138,0
4137,3
4137,2
4137,1
4137,0
4136,3
4136,2
4136,1
4136,0
0,615
4135,3
4135,2
4135,1
4135,0
4134,3
4134,2
4134,1
4134,0
4133,3
4133,2
4133,1
4133,0
4132,3
4132,2
4132,1
4132,0
4131,3
4131,2
4131,1
4131,0
4130,3
4130,2
4130,1
4130,0
4124,7
4124,6
4124,5
4124,4
4129,3
4129,2
4129,1
4129,0
4128,3
4128,2
4128,1
4128,0
4127,3
4127,2
4127,1
4127,0
4126,3
4126,2
4126,1
4126,0
4125,3
4125,2
4125,1
4125,0
4124,3
4124,2
4124,1
4124,0
0,614
0,613
4123,3
4123,2
4123,1
4123,0
4122,3
4122,2
4122,1
4122,0
4121,3
4121,2
4121,1
4121,0
4120,3
4120,2
4120,1
4120,0
4119,3
4119,2
4119,1
4119,0
4118,3
4118,2
4118,1
4118,0
4112,7
4112,6
4112,5
4112,4
4117,3
4117,2
4117,1
4117,0
4116,3
4116,2
4116,1
4116,0
4115,3
4115,2
4115,1
4115,0
4114,3
4114,2
4114,1
4114,0
4113,3
4113,2
4113,1
4113,0
4112,3
4112,2
4112,1
4112,0
0,612
4111,3
4111,2
4111,1
4111,0
4110,3
4110,2
4110,1
4110,0
4109,3
4109,2
4109,1
4109,0
4108,3
4108,2
4108,1
4108,0
4107,3
4107,2
